1715959114218 2.9198768550094343 0
1715959185113 2.848419168763696 1
1715959255459 2.800653684451399 2
1715959325848 2.778853202583315 3
1715959397642 2.762759829413656 4
1715959468994 2.7489654368276955 5
1715959541095 2.7437270958427225 6
1715959611733 2.732214240485057 7
1715959683183 2.7315820166879443 8
1715959754213 2.7213595908226274 9
1715959825451 2.705477696016118 10
1715959896306 2.695899864575275 11
1715959966394 2.6931182315044655 12
1715960036698 2.688676379661337 13
1715960108354 2.6827756821967337 14
1715960178163 2.6756456542701286 15
1715960248609 2.670344210114734 16
1715960318216 2.6635081849039386 17
1715960389532 2.6605527057866465 18
1715960461308 2.6554491266598563 19
1715960531037 2.656015044294686 20
1715960601476 2.64850147382905 21
1715960672294 2.648918918757386 22
1715960745204 2.641826520000178 23
1715960816421 2.639314735846405 24
1715960887061 2.642754406878453 25
1715960958820 2.637557022604068 26
1715961029437 2.6343329198379535 27
1715961099804 2.6306842562182853 28
1715961170579 2.629594360845632 29
