1715959114226 0.0985110056107035 0
1715959185123 0.1819162710401381 1
1715959255466 0.2300388433318947 2
1715959325855 0.2495684074233923 3
1715959397652 0.2681268882175227 4
1715959469002 0.28172205438066467 5
1715959541103 0.28377211911955114 6
1715959611740 0.2997410444540354 7
1715959683191 0.29887785930082 8
1715959754220 0.3061070349589987 9
1715959825460 0.3242339231765214 10
1715959896314 0.3343763487268019 11
1715959966403 0.3377211911955114 12
1715960036705 0.34095813552006904 13
1715960108362 0.3466767371601209 14
1715960178170 0.35347432024169184 15
1715960248617 0.3591929218817436 16
1715960318230 0.368256365990505 17
1715960389539 0.36987483815278377 18
1715960461315 0.37516184721622786 19
1715960531044 0.37451445835131636 20
1715960601485 0.3821752265861027 21
1715960672301 0.3810962451445835 22
1715960745211 0.38821752265861026 23
1715960816429 0.3909149762624083 24
1715960887070 0.3869227449287872 25
1715960958828 0.39296504100129476 26
1715961029444 0.3955545964609409 27
1715961099810 0.3990073370738023 28
1715961170586 0.3988994389296504 29
