1715971330855 2.891937110775401 0
1715971408634 2.8289042176480055 1
1715971487717 2.793330024470759 2
1715971566643 2.7722664440227676 3
1715971644994 2.7611608600699005 4
1715971724021 2.752828714110278 5
1715971803864 2.743416496799818 6
1715971882072 2.7319023191245235 7
1715971961783 2.7282523243129577 8
1715972041370 2.721403817494848 9
1715972118542 2.720691730696978 10
1715972194479 2.7122355497030437 11
1715972270791 2.7075893173638783 12
1715972347807 2.700296212470627 13
1715972423014 2.6969889179758892 14
1715972499766 2.6893416652171753 15
1715972576167 2.6900469621676075 16
1715972653861 2.678414392770562 17
1715972731255 2.6838756134901645 18
1715972809084 2.679673749991398 19
1715972891528 2.6777469295620584 20
1715972968601 2.6735731448685547 21
1715973046844 2.673684145511164 22
1715973121742 2.668803789996915 23
1715973197972 2.663630196811368 24
1715973273522 2.66350755627551 25
1715973350147 2.6680846246283076 26
1715973427904 2.6630313909304038 27
1715973503871 2.6514398204999114 28
1715973580139 2.6556765355219754 29
