1715971330864 0.12829089339663358 0
1715971408644 0.20220112214069919 1
1715971487725 0.2384548985757445 2
1715971566652 0.2579844626672421 3
1715971645003 0.2687742770824342 4
1715971724031 0.2772982304704359 5
1715971803872 0.2845274061286146 6
1715971882080 0.29618040569702203 7
1715971961791 0.3013595166163142 8
1715972041379 0.3082649978420371 9
1715972118551 0.30783340526542946 10
1715972194487 0.3171126456624946 11
1715972270800 0.31894691411307724 12
1715972347815 0.3294130340958136 13
1715972423021 0.33254208027621923 14
1715972499776 0.3407423392317652 15
1715972576177 0.33890807078118257 16
1715972653870 0.3511005610703496 17
1715972731262 0.34419507984462666 18
1715972809092 0.34840310746655156 19
1715972891536 0.3516400517911092 20
1715972968611 0.3556322831247303 21
1715973046855 0.3569270608545533 22
1715973121749 0.36167457919723783 23
1715973197981 0.3653431160984031 24
1715973273530 0.3645878290893397 25
1715973350155 0.3603798014674148 26
1715973427913 0.36674579197237805 27
1715973503881 0.377751402675874 28
1715973580148 0.37505394907207595 29
