1715961270553 0.11037980146741476 0
1715961340776 0.18051359516616314 1
1715961410994 0.2194648252050065 2
1715961480495 0.24018126888217523 3
1715961550586 0.2589555459646094 4
1715961620824 0.258200258955546 5
1715961693646 0.27546396201985324 6
1715961769526 0.26931376780319377 7
1715961847977 0.28690116529995685 8
1715961924845 0.29898575744497197 9
1715962001916 0.302977988778593 10
1715962076313 0.30427276650841606 11
1715962149698 0.3157099697885196 12
1715962224177 0.3276866637893828 13
1715962297850 0.3280103582218386 14
1715962372465 0.3317867932671558 15
1715962445803 0.3349158394475615 16
1715962520680 0.34570565386275354 17
1715962593972 0.35369011652999566 18
1715962669248 0.3544454035390591 19
1715962742931 0.35768234786361675 20
1715962817617 0.36232196806214934 21
1715962891760 0.36555891238670696 22
1715962966357 0.372248597324126 23
1715963044289 0.38487268018990073 24
1715963120215 0.377751402675874 25
1715963193859 0.38314630988347 26
1715963269559 0.3856279671989642 27
1715963345361 0.3986836426413466 28
1715963420075 0.40224428139835994 29
