1715961270546 2.9089671329769886 0
1715961340769 2.844593136580417 1
1715961410987 2.8090544666879698 2
1715961480489 2.78641109692537 3
1715961550578 2.77188045894447 4
1715961620817 2.768733718131585 5
1715961693635 2.755184324033795 6
1715961769518 2.7580742642002893 7
1715961847968 2.7416137252837336 8
1715961924837 2.7326624400686375 9
1715962001908 2.7259365558830644 10
1715962076304 2.724416328596104 11
1715962149689 2.712397581621363 12
1715962224168 2.701738562064882 13
1715962297841 2.7008260283421657 14
1715962372456 2.6972259096035422 15
1715962445796 2.694104204856841 16
1715962520666 2.683266930341772 17
1715962593963 2.6747530507618307 18
1715962669241 2.6743788512282958 19
1715962742923 2.672270740943666 20
1715962817608 2.6668482630625867 21
1715962891752 2.6639522966485187 22
1715962966349 2.656879193234356 23
1715963044280 2.6468291173789233 24
1715963120206 2.651305425118069 25
1715963193848 2.6461379557970512 26
1715963269550 2.6430021093872504 27
1715963345352 2.6329995950716603 28
1715963420067 2.6286312543682864 29
