1715968905759 2.8941335289077412 0
1715968983310 2.8405113631939636 1
1715969062094 2.819947937819071 2
1715969140821 2.798815665578357 3
1715969220817 2.7844425686714684 4
1715969301358 2.768485572064137 5
1715969381505 2.7543170020787184 6
1715969461340 2.747366765855427 7
1715969541464 2.735481452178295 8
1715969620998 2.732976027882685 9
1715969699805 2.724626888162877 10
1715969778579 2.713679116000811 11
1715969858913 2.707329764765492 12
1715969939279 2.6983653729778685 13
1715970019224 2.694225090609255 14
1715970098967 2.687482284637943 15
1715970179480 2.684860796103924 16
1715970258756 2.6857534554375633 17
1715970339066 2.6749798375996283 18
1715970419340 2.6779205786720084 19
1715970499119 2.6741980939323162 20
1715970579201 2.669184103746792 21
1715970658866 2.6684602170092697 22
1715970738659 2.665405330346328 23
1715970818967 2.6632187459871797 24
1715970900116 2.6598834078230915 25
1715970980981 2.659560879028558 26
1715971063124 2.6584449514014667 27
1715971146820 2.6617543760818516 28
1715971221633 2.6522350251429576 29
