1715968905769 0.12915407854984895 0
1715968983318 0.18504531722054382 1
1715969062102 0.20403539059128184 2
1715969140830 0.22766508416055245 3
1715969220827 0.2411523521795425 4
1715969301366 0.2583081570996979 5
1715969381513 0.2751402675873975 6
1715969461350 0.28161415623651276 7
1715969541474 0.2930513595166163 8
1715969621009 0.2940224428139836 9
1715969699813 0.3018990073370738 10
1715969778589 0.31258092360811396 11
1715969858923 0.3217522658610272 12
1715969939287 0.3300604229607251 13
1715970019233 0.3336210617177385 14
1715970098976 0.3411739318083729 15
1715970179489 0.34343979283556325 16
1715970258772 0.3412818299525248 17
1715970339074 0.35304272766508416 18
1715970419348 0.34872680189900734 19
1715970499129 0.3543375053949072 20
1715970579212 0.3599482088908071 21
1715970658875 0.3584376348726802 22
1715970738675 0.36135088476478205 23
1715970818974 0.36642209753992233 24
1715970900124 0.37019853258523955 25
1715970980990 0.369551143720328 26
1715971063133 0.37127751402675874 27
1715971146828 0.36674579197237805 28
1715971221641 0.3767803193785067 29
