1715966100029 0.07423392317652136 0
1715966172584 0.09063444108761329 1
1715966246204 0.11415623651273198 2
1715966318602 0.13023305999136814 3
1715966390612 0.1483599482088908 4
1715966461899 0.1667026327147173 5
1715966534308 0.17360811394044023 6
1715966605722 0.19486404833836857 7
1715966676990 0.19982736296935694 8
1715966746972 0.21396201985325852 9
1715966818546 0.21342252913249893 10
1715966889672 0.21417781614156237 11
1715966962715 0.2236728528269314 12
1715967033774 0.22701769529564092 13
1715967105184 0.2353258523953388 14
1715967176363 0.2353258523953388 15
1715967248541 0.2343547690979715 16
1715967319800 0.24179974104445404 17
1715967389778 0.2456840742339232 18
1715967460090 0.2436340094950367 19
1715967531506 0.25172637030643075 20
1715967602628 0.24600776866637894 21
1715967675176 0.25604229607250756 22
1715967750416 0.2506473888649115 23
1715967828824 0.2551791109192922 24
1715967906594 0.2630556754423824 25
1715967982221 0.27125593439792833 26
1715968057923 0.26435045317220546 27
1715968135661 0.2664005179110919 28
1715968216467 0.26661631419939574 29
