1715966100020 2.9450210415163847 0
1715966172575 2.932408541627994 1
1715966246196 2.9100074993534744 2
1715966318594 2.89298612363048 3
1715966390603 2.874989531922975 4
1715966461888 2.8544775996985203 5
1715966534300 2.848536387379359 6
1715966605714 2.8301212405312297 7
1715966676981 2.826031703552728 8
1715966746965 2.8150106766759975 9
1715966818538 2.8130848002727866 10
1715966889664 2.8124965517790743 11
1715966962708 2.801301190461516 12
1715967033766 2.800032391276769 13
1715967105176 2.791231376994252 14
1715967176356 2.790777641621226 15
1715967248534 2.7931968079220035 16
1715967319790 2.7858094458093996 17
1715967389771 2.7813193453413354 18
1715967460079 2.782435373732652 19
1715967531499 2.7768377900716934 20
1715967602621 2.781439510368986 21
1715967675168 2.772096443372329 22
1715967750406 2.7752346770120013 23
1715967828814 2.768643425336985 24
1715967906585 2.7644645634267113 25
1715967982212 2.7562947215984406 26
1715968057914 2.7614450866952653 27
1715968135651 2.760035991049566 28
1715968216456 2.761073385887501 29
