1715963780350 2.951426644831915 0
1715963857919 2.946045736759882 1
1715963935640 2.92847462057474 2
1715964012268 2.90155627056263 3
1715964089173 2.870654081581114 4
1715964165178 2.8555208668257865 5
1715964240127 2.8374148289689356 6
1715964314193 2.8292911448950275 7
1715964388799 2.8153360568968875 8
1715964461921 2.8094589080781653 9
1715964535723 2.8027194140148843 10
1715964613845 2.797477205087034 11
1715964692643 2.790729612170089 12
1715964769148 2.791559874353613 13
1715964849267 2.786597809113612 14
1715964926601 2.783403846872392 15
1715965003742 2.7785928608457446 16
1715965080733 2.776820372719962 17
1715965155933 2.772053967355985 18
1715965233567 2.77424086515224 19
1715965311360 2.7676584406400546 20
1715965388799 2.7614869316066404 21
1715965466304 2.767291242336974 22
1715965545380 2.7656679644622835 23
1715965622024 2.764041500983107 24
1715965698296 2.7586295305457216 25
1715965770131 2.7550070641283813 26
1715965842704 2.7579606217085297 27
1715965916888 2.7533748176185067 28
1715965991543 2.755865460374969 29
