1715963780359 0.06581786793267155 0
1715963857927 0.0775787656452309 1
1715963935648 0.09495036685369011 2
1715964012277 0.12127751402675874 3
1715964089181 0.15321536469572725 4
1715964165185 0.16842900302114805 5
1715964240135 0.18752697453603798 6
1715964314201 0.19799309451877428 7
1715964388809 0.20996978851963746 8
1715964461928 0.21471730686232196 9
1715964535731 0.2236728528269314 10
1715964613854 0.22734138972809667 11
1715964692653 0.2358653431160984 12
1715964769158 0.2343547690979715 13
1715964849276 0.24169184290030213 14
1715964926608 0.24395770392749244 15
1715965003751 0.2495684074233923 16
1715965080749 0.25172637030643075 17
1715965155943 0.25701337936987484 18
1715965233579 0.2504315925766077 19
1715965311369 0.26165299956840743 20
1715965388810 0.26553733275787655 21
1715965466313 0.25960293482952096 22
1715965545389 0.26143720328010356 23
1715965622033 0.26186879585671125 24
1715965698305 0.26704790677600343 25
1715965770140 0.2719033232628399 26
1715965842715 0.26855848079413036 27
1715965916896 0.27503236944324555 28
1715965991552 0.2724428139835995 29
